----- RUN START: 2025-11-23 12:31:43 -----
Instance: /Users/abhishekkumarjha/Documents/project-tsp-ga/data/d198.tsp
Cities: 198
Generations: 200 | Population: 256 | Mutation: 0.050 | Crossover: 0.900
Best tour length: 15811.341
Tour (1-based): 65 81 76 77 78 64 50 48 49 63 79 80 91 92 105 114 113 112 106 107 111 110 109 108 167 168 182 183 181 177 176 173 174 175 178 180 184 185 179 194 195 198 197 196 186 193 192 187 191 188 189 190 171 172 166 165 164 163 151 150 145 144 137 128 170 127 129 136 135 141 143 146 149 152 162 161 160 153 148 147 142 140 134 132 133 130 131 126 125 169 124 138 159 158 157 156 155 154 139 123 120 119 118 117 116 121 122 115 104 103 102 93 101 94 95 96 90 89 97 98 88 83 82 75 62 53 46 36 37 32 31 38 45 54 61 66 74 70 67 60 55 44 56 59 68 72 73 84 87 99 100 86 85 71 69 58 57 43 42 41 13 12 11 10 9 8 5 4 3 6 7 2 1 40 14 15 16 17 18 19 20 21 24 25 26 27 22 23 29 30 28 33 34 35 39 47 51 52 65
real 3.08
user 5.96
sys 0.03
----- RUN END: 2025-11-23 12:31:46 -----
