----- RUN START: 2025-11-23 15:21:19 -----
Instance: /Users/abhishekkumarjha/Documents/project-tsp-ga/data/d198.tsp
Cities: 198
Generations: 200 | Population: 256 | Mutation: 0.050 | Crossover: 0.900
Best tour length: 15811.341
Tour (1-based): 139 154 155 156 157 158 159 138 124 169 125 126 131 130 133 132 134 140 142 147 148 153 160 161 162 152 149 146 143 141 135 136 129 127 170 128 137 144 145 150 151 163 164 165 166 172 171 190 189 188 191 187 192 193 186 196 197 198 195 194 179 185 184 180 178 175 174 173 176 177 181 183 182 168 167 108 109 110 111 107 106 112 113 114 105 92 91 80 79 63 49 48 50 64 78 77 76 81 65 52 51 47 39 35 34 33 30 29 23 22 28 27 26 25 24 21 20 19 18 17 16 15 14 40 1 2 7 6 3 4 5 8 9 10 11 12 13 41 42 43 57 58 69 71 85 86 100 99 87 84 73 72 68 59 56 44 55 60 67 70 74 66 61 54 45 38 31 32 37 36 46 53 62 75 82 83 88 98 97 89 90 96 95 101 94 93 102 103 104 115 122 121 116 117 118 119 120 123 139
real 2.09
user 14.39
sys 0.10
----- RUN END: 2025-11-23 15:21:21 -----
