----- RUN START: 2025-11-23 15:22:24 -----
Instance: /Users/abhishekkumarjha/Documents/project-tsp-ga/data/pr1002.tsp
Cities: 1002
Generations: 200 | Population: 256 | Mutation: 0.050 | Crossover: 0.900
Best tour length: 262536.761
Tour (1-based): 411 409 408 402 403 404 287 288 289 290 291 292 296 295 293 294 321 322 323 320 319 318 317 311 312 313 316 325 324 326 315 314 331 330 329 327 328 334 333 332 28 27 29 30 31 26 20 19 21 18 15 14 13 16 17 22 23 25 24 32 33 34 35 36 37 38 39 60 59 58 57 54 55 56 72 73 71 70 69 68 67 66 65 61 62 64 63 12 11 10 9 8 7 6 4 3 5 2 1 74 75 76 136 135 134 133 100 101 102 103 104 105 106 118 119 117 116 115 114 303 302 301 304 111 113 112 110 109 108 107 994 99 98 97 96 95 94 93 92 91 90 77 78 79 82 88 89 87 86 85 84 83 80 81 52 53 51 40 50 41 49 42 43 44 45 48 47 46 310 309 308 307 306 305 991 297 298 300 299 286 285 284 283 282 281 280 279 278 277 276 275 274 273 272 271 269 268 267 266 265 264 263 246 245 244 243 251 252 250 249 248 247 262 261 260 270 259 258 257 121 120 122 123 124 125 127 128 129 130 131 132 137 138 139 140 141 142 143 144 149 148 146 145 147 126 256 255 254 253 995 150 151 152 153 154 155 156 164 165 166 169 168 167 163 162 157 158 159 185 184 160 161 172 171 170 173 174 175 176 177 178 179 180 181 183 182 996 202 196 195 187 186 241 242 240 238 239 188 189 190 192 193 194 197 201 198 199 200 206 204 203 205 207 208 209 210 211 212 217 216 213 214 215 219 218 191 237 236 235 233 234 221 220 222 223 224 225 230 232 231 229 228 227 226 497 496 495 491 490 488 489 500 499 498 501 502 503 504 505 506 507 508 509 510 511 512 513 487 486 485 484 492 494 493 483 482 481 998 580 579 571 572 573 574 591 592 559 557 556 558 560 561 562 563 564 565 566 567 568 570 569 514 515 523 524 530 999 531 532 534 533 535 538 537 536 528 527 526 529 525 522 516 517 521 520 518 519 546 547 545 540 539 541 544 543 542 548 549 550 551 552 553 554 555 825 824 823 819 818 816 817 828 827 826 829 830 831 832 833 834 835 836 837 838 839 840 841 815 814 813 812 820 822 821 811 810 809 1001 908 907 906 903 904 905 909 910 911 912 782 781 783 784 785 786 787 801 802 803 804 800 799 805 806 807 808 798 797 796 795 604 603 602 601 600 598 599 597 596 595 593 594 590 589 588 576 575 578 577 581 582 583 584 587 586 585 449 448 607 606 608 605 609 610 611 629 630 631 632 441 440 442 443 444 445 447 446 434 433 432 431 430 429 428 460 459 458 457 456 455 453 452 451 450 454 475 473 474 476 472 471 477 478 479 480 470 469 468 467 466 465 464 463 461 462 423 422 421 405 406 407 410 416 414 413 415 417 418 420 419 426 424 425 427 997 435 436 437 438 439 634 633 992 625 626 628 627 612 613 614 615 616 732 731 730 736 737 739 740 741 742 743 745 744 738 735 734 733 749 750 748 746 747 755 754 753 752 751 790 791 792 794 793 788 789 756 757 758 759 1000 763 764 765 766 768 770 771 772 773 775 774 762 761 760 780 779 778 776 777 913 914 915 926 916 917 918 902 901 900 899 898 897 842 843 851 852 858 1002 859 860 862 861 863 866 865 864 856 855 854 857 853 850 849 848 845 844 895 896 894 893 892 846 847 874 875 873 868 867 869 872 871 870 876 877 890 891 889 878 879 880 881 882 883 884 885 886 888 887 919 920 921 922 923 924 925 927 928 929 930 931 932 933 934 935 936 937 938 939 957 958 959 960 769 767 962 961 993 953 954 956 955 940 941 942 943 944 945 946 947 948 952 951 949 950 977 978 979 976 975 974 973 967 966 965 964 963 702 703 704 705 697 698 699 700 701 968 969 972 971 981 980 982 970 987 986 985 983 984 990 989 988 684 683 685 686 687 682 681 680 679 678 677 676 675 674 673 672 671 669 670 666 665 664 663 667 668 719 720 718 688 689 690 691 692 693 694 695 696 706 707 709 708 710 711 713 714 715 716 717 721 722 723 712 728 724 725 726 727 729 620 619 618 617 624 623 621 622 649 650 651 648 645 646 647 652 654 653 644 643 642 659 658 657 655 656 662 661 660 356 355 357 358 359 354 348 347 346 349 353 352 351 350 345 344 343 342 341 340 339 338 337 336 335 398 397 396 400 399 401 382 380 379 381 385 383 384 395 394 387 386 388 389 393 392 391 390 360 361 362 363 364 365 366 367 368 378 369 377 370 371 372 373 641 640 639 638 637 636 635 374 375 376 412 411
real 477.42
user 948.68
sys 1.76
----- RUN END: 2025-11-23 15:30:21 -----
