----- RUN START: 2025-11-12 13:10:43 -----
No PMIx server was reachable, but a PMI1/2 was detected.
If srun is being used to launch application,  4 singletons will be started.
Instance: /Users/abhishekkumarjha/Documents/project-tsp-ga/data/pr439.tsp
Cities: 439
Generations: 200 | Population: 256 | Mutation: 0.050 | Crossover: 0.900
Best tour length: 107407.858
Tour (1-based): 434 438 437 436 435 439 284 344 343 342 341 373 371 372 383 382 384 394 395 393 397 396 398 399 392 391 381 375 374 380 390 389 379 377 376 345 346 348 347 349 350 351 353 352 354 355 356 358 357 359 293 292 291 290 289 288 340 287 286 285 280 232 231 225 189 188 187 230 281 282 229 283 228 227 226 186 149 85 84 83 53 54 55 56 82 81 80 79 38 39 40 41 43 42 44 45 46 49 47 48 50 51 52 2 3 1 4 5 6 7 8 9 10 11 12 13 14 15 16 17 33 34 35 36 37 57 58 78 86 87 77 59 60 61 76 75 62 32 31 30 28 26 27 29 63 73 74 64 25 23 24 22 21 20 18 19 67 66 65 68 69 70 71 72 88 89 90 91 102 92 93 94 100 95 96 97 98 99 125 123 124 126 127 129 128 130 131 132 133 167 165 164 166 169 168 170 171 172 173 174 204 175 176 177 178 179 180 181 182 183 192 193 194 195 196 197 198 199 200 201 202 203 205 206 207 208 209 253 251 250 210 211 212 213 214 215 216 217 218 219 220 221 222 191 184 150 151 143 152 153 154 155 156 157 158 159 160 161 162 163 134 135 136 137 138 139 140 141 142 116 118 119 121 122 101 120 117 115 103 114 113 104 105 106 107 108 109 110 111 112 146 144 147 148 145 185 190 224 223 233 234 235 236 237 238 239 240 241 242 243 244 245 246 247 248 249 252 255 254 316 256 257 258 259 260 261 262 263 264 307 308 309 310 311 312 313 314 315 317 318 319 320 321 322 323 324 325 326 327 328 329 331 332 330 303 301 302 304 305 306 265 266 267 268 269 270 271 272 273 274 275 276 277 278 279 294 295 296 297 298 299 300 333 334 335 336 337 338 339 360 370 361 362 363 364 365 366 367 368 369 378 385 386 387 388 401 400 402 404 405 417 418 428 429 431 416 415 419 420 421 414 406 407 413 412 423 422 432 433 430 427 424 426 425 410 411 409 408 403 434
Instance: /Users/abhishekkumarjha/Documents/project-tsp-ga/data/pr439.tsp
Cities: 439
Generations: 200 | Population: 256 | Mutation: 0.050 | Crossover: 0.900
Best tour length: 107407.858
Tour (1-based): 434 438 437 436 435 439 284 344 343 342 341 373 371 372 383 382 384 394 395 393 397 396 398 399 392 391 381 375 374 380 390 389 379 377 376 345 346 348 347 349 350 351 353 352 354 355 356 358 357 359 293 292 291 290 289 288 340 287 286 285 280 232 231 225 189 188 187 230 281 282 229 283 228 227 226 186 149 85 84 83 53 54 55 56 82 81 80 79 38 39 40 41 43 42 44 45 46 49 47 48 50 51 52 2 3 1 4 5 6 7 8 9 10 11 12 13 14 15 16 17 33 34 35 36 37 57 58 78 86 87 77 59 60 61 76 75 62 32 31 30 28 26 27 29 63 73 74 64 25 23 24 22 21 20 18 19 67 66 65 68 69 70 71 72 88 89 90 91 102 92 93 94 100 95 96 97 98 99 125 123 124 126 127 129 128 130 131 132 133 167 165 164 166 169 168 170 171 172 173 174 204 175 176 177 178 179 180 181 182 183 192 193 194 195 196 197 198 199 200 201 202 203 205 206 207 208 209 253 251 250 210 211 212 213 214 215 216 217 218 219 220 221 222 191 184 150 151 143 152 153 154 155 156 157 158 159 160 161 162 163 134 135 136 137 138 139 140 141 142 116 118 119 121 122 101 120 117 115 103 114 113 104 105 106 107 108 109 110 111 112 146 144 147 148 145 185 190 224 223 233 234 235 236 237 238 239 240 241 242 243 244 245 246 247 248 249 252 255 254 316 256 257 258 259 260 261 262 263 264 307 308 309 310 311 312 313 314 315 317 318 319 320 321 322 323 324 325 326 327 328 329 331 332 330 303 301 302 304 305 306 265 266 267 268 269 270 271 272 273 274 275 276 277 278 279 294 295 296 297 298 299 300 333 334 335 336 337 338 339 360 370 361 362 363 364 365 366 367 368 369 378 385 386 387 388 401 400 402 404 405 417 418 428 429 431 416 415 419 420 421 414 406 407 413 412 423 422 432 433 430 427 424 426 425 410 411 409 408 403 434
Instance: /Users/abhishekkumarjha/Documents/project-tsp-ga/data/pr439.tsp
Cities: 439
Generations: 200 | Population: 256 | Mutation: 0.050 | Crossover: 0.900
Best tour length: 107407.858
Tour (1-based): 434 438 437 436 435 439 284 344 343 342 341 373 371 372 383 382 384 394 395 393 397 396 398 399 392 391 381 375 374 380 390 389 379 377 376 345 346 348 347 349 350 351 353 352 354 355 356 358 357 359 293 292 291 290 289 288 340 287 286 285 280 232 231 225 189 188 187 230 281 282 229 283 228 227 226 186 149 85 84 83 53 54 55 56 82 81 80 79 38 39 40 41 43 42 44 45 46 49 47 48 50 51 52 2 3 1 4 5 6 7 8 9 10 11 12 13 14 15 16 17 33 34 35 36 37 57 58 78 86 87 77 59 60 61 76 75 62 32 31 30 28 26 27 29 63 73 74 64 25 23 24 22 21 20 18 19 67 66 65 68 69 70 71 72 88 89 90 91 102 92 93 94 100 95 96 97 98 99 125 123 124 126 127 129 128 130 131 132 133 167 165 164 166 169 168 170 171 172 173 174 204 175 176 177 178 179 180 181 182 183 192 193 194 195 196 197 198 199 200 201 202 203 205 206 207 208 209 253 251 250 210 211 212 213 214 215 216 217 218 219 220 221 222 191 184 150 151 143 152 153 154 155 156 157 158 159 160 161 162 163 134 135 136 137 138 139 140 141 142 116 118 119 121 122 101 120 117 115 103 114 113 104 105 106 107 108 109 110 111 112 146 144 147 148 145 185 190 224 223 233 234 235 236 237 238 239 240 241 242 243 244 245 246 247 248 249 252 255 254 316 256 257 258 259 260 261 262 263 264 307 308 309 310 311 312 313 314 315 317 318 319 320 321 322 323 324 325 326 327 328 329 331 332 330 303 301 302 304 305 306 265 266 267 268 269 270 271 272 273 274 275 276 277 278 279 294 295 296 297 298 299 300 333 334 335 336 337 338 339 360 370 361 362 363 364 365 366 367 368 369 378 385 386 387 388 401 400 402 404 405 417 418 428 429 431 416 415 419 420 421 414 406 407 413 412 423 422 432 433 430 427 424 426 425 410 411 409 408 403 434
Instance: /Users/abhishekkumarjha/Documents/project-tsp-ga/data/pr439.tsp
Cities: 439
Generations: 200 | Population: 256 | Mutation: 0.050 | Crossover: 0.900
Best tour length: 107407.858
Tour (1-based): 434 438 437 436 435 439 284 344 343 342 341 373 371 372 383 382 384 394 395 393 397 396 398 399 392 391 381 375 374 380 390 389 379 377 376 345 346 348 347 349 350 351 353 352 354 355 356 358 357 359 293 292 291 290 289 288 340 287 286 285 280 232 231 225 189 188 187 230 281 282 229 283 228 227 226 186 149 85 84 83 53 54 55 56 82 81 80 79 38 39 40 41 43 42 44 45 46 49 47 48 50 51 52 2 3 1 4 5 6 7 8 9 10 11 12 13 14 15 16 17 33 34 35 36 37 57 58 78 86 87 77 59 60 61 76 75 62 32 31 30 28 26 27 29 63 73 74 64 25 23 24 22 21 20 18 19 67 66 65 68 69 70 71 72 88 89 90 91 102 92 93 94 100 95 96 97 98 99 125 123 124 126 127 129 128 130 131 132 133 167 165 164 166 169 168 170 171 172 173 174 204 175 176 177 178 179 180 181 182 183 192 193 194 195 196 197 198 199 200 201 202 203 205 206 207 208 209 253 251 250 210 211 212 213 214 215 216 217 218 219 220 221 222 191 184 150 151 143 152 153 154 155 156 157 158 159 160 161 162 163 134 135 136 137 138 139 140 141 142 116 118 119 121 122 101 120 117 115 103 114 113 104 105 106 107 108 109 110 111 112 146 144 147 148 145 185 190 224 223 233 234 235 236 237 238 239 240 241 242 243 244 245 246 247 248 249 252 255 254 316 256 257 258 259 260 261 262 263 264 307 308 309 310 311 312 313 314 315 317 318 319 320 321 322 323 324 325 326 327 328 329 331 332 330 303 301 302 304 305 306 265 266 267 268 269 270 271 272 273 274 275 276 277 278 279 294 295 296 297 298 299 300 333 334 335 336 337 338 339 360 370 361 362 363 364 365 366 367 368 369 378 385 386 387 388 401 400 402 404 405 417 418 428 429 431 416 415 419 420 421 414 406 407 413 412 423 422 432 433 430 427 424 426 425 410 411 409 408 403 434
real 76.49
user 288.33
sys 3.89
----- RUN END: 2025-11-12 13:12:00 -----
